Generated 63 gangs with a total of 151 jobs.

processes =  [
0, 1, 2, 3, 4, 5, 6, 7, 8, 9, 10, 11, 12, 13, 14, 15, 16, 17, 18, 19, 20, 21, 22, 23, 24, 25, 26, 27, 28, 29, 30, 31, 32, 33, 34, 35, 36, 37, 38, 39, 40, 41, 42, 43, 44, 45, 46, 47, 48, 49, 50, 51, 52, 53, 54, 55, 56, 57, 58, 59, 60, 61, 62, 63, 64, 65, 66, 67, 68, 69, 70, 71, 72, 73, 74, 75, 76, 77, 78, 79, 80, 81, 82, 83, 84, 85, 86, 87, 88, 89, 90, 91, 92, 93, 94, 95, 96, 97, 98, 99, 100, 101, 102, 103, 104, 105, 106, 107, 108, 109, 110, 111, 112, 113, 114, 115, 116, 117, 118, 119, 120, 121, 122, 123, 124, 125, 126, 127, 128, 129, 130, 131, 132, 133, 134, 135, 136, 137, 138, 139, 140, 141, 142, 143, 144, 145, 146, 147, 148, 149, 150
]

gangs =  [
[0, 1, 2, 3], [4, 5], [6, 7], [8, 9, 10], [11, 12, 13], [14], [15, 16, 17], [18, 19], [20, 21, 22], [23, 24, 25, 26], [27, 28, 29, 30], [31], [32, 33, 34], [35, 36, 37, 38], [39, 40], [41, 42, 43], [44, 45, 46, 47], [48, 49, 50], [51], [52], [53, 54, 55], [56, 57], [58], [59], [60, 61], [62, 63], [64], [65], [66, 67], [68, 69, 70], [71, 72], [73, 74, 75, 76], [77], [78, 79], [80, 81, 82], [83, 84, 85, 86], [87], [88, 89, 90, 91], [92, 93], [94, 95, 96], [97, 98, 99], [100], [101], [102], [103], [104, 105, 106, 107], [108], [109], [110, 111, 112], [113, 114], [115, 116, 117], [118, 119, 120], [121], [122, 123, 124], [125, 126, 127, 128], [129], [130, 131, 132, 133], [134, 135, 136, 137], [138, 139, 140, 141], [142], [143, 144], [145, 146, 147, 148], [149, 150]
]

burst_times =  [
[40, 18, 18], [26, 5, 45, 4, 35, 14, 31], [7, 41, 15, 20, 42], [33, 8, 31], [16, 32, 22, 73, 33], [29, 16, 48, 33, 29], [43, 6, 33, 14, 22], [31, 12, 38, 24, 17, 5, 38], [24, 3, 38], [28, 9, 28, 9, 52, 8, 27], [19, 7, 39], [6, 35, 35, 3, 18], [31, 36, 14, 10, 29], [29, 14, 44, 9, 42], [13, 1, 36], [34, 22, 27, 32, 41, 4, 35], [30, 28, 38, 1, 10, 16, 24], [39, 1, 11, 17, 20], [28, 5, 54, 19, 31], [39, 2, 27, 1, 47], [25, 7, 18, 6, 25], [39, 42, 33, 1, 31], [23, 24, 22, 11, 33], [32, 4, 26, 6, 40], [34, 3, 21, 27, 20], [10, 2, 35, 3, 39], [21, 11, 30], [37, 6, 16, 40, 33], [24, 11, 28, 11, 20, 42, 23], [23, 11, 30], [25, 7, 41], [28, 12, 37, 6, 21], [38, 28, 29, 12, 40], [31, 49, 13], [19, 39, 25, 10, 43], [34, 3, 38, 12, 16], [45, 11, 33], [18, 63, 42, 5, 33, 13, 10], [29, 1, 33, 49, 30], [25, 9, 28, 5, 23], [27, 42, 16, 19, 47, 5, 30], [16, 1, 38, 25, 26], [37, 34, 45, 12, 33], [26, 47, 48], [22, 15, 12], [30, 8, 32, 1, 28, 16, 26], [20, 4, 27, 24, 43, 3, 13], [35, 11, 6, 8, 20], [30, 15, 34, 2, 31, 1, 20], [13, 25, 28], [39, 5, 30, 20, 31], [19, 27, 37], [26, 18, 13, 1, 36, 31, 31], [24, 46, 43, 12, 37], [39, 6, 18, 8, 30], [29, 14, 31, 1, 25, 1, 10], [18, 22, 20], [27, 37, 30, 42, 37, 1, 28], [32, 13, 19, 24, 47], [26, 5, 40, 5, 39], [33, 14, 25, 5, 24], [30, 13, 22, 17, 35], [28, 30, 33], [37, 7, 39], [40, 80, 22, 15, 28, 9, 39], [22, 44, 30], [16, 30, 30, 34, 27], [31, 10, 35, 4, 23, 33, 38], [39, 13, 46, 33, 28], [21, 14, 31, 9, 28, 56, 31], [40, 15, 23, 7, 6], [48, 15, 30], [29, 47, 27, 3, 32, 5, 39], [17, 28, 37, 10, 19], [27, 27, 22, 1, 33, 24, 16], [38, 3, 24, 4, 5], [17, 22, 28, 68, 32], [21, 4, 28], [42, 20, 40, 21, 25], [29, 14, 26, 11, 26, 5, 14], [28, 2, 33], [27, 6, 37, 17, 31], [29, 27, 37, 105, 32, 2, 20], [39, 6, 22, 26, 45], [23, 14, 30], [41, 9, 19, 16, 29], [29, 14, 50, 2, 41, 26, 28], [38, 10, 1, 46, 21], [31, 69, 44], [42, 51, 20], [13, 31, 44], [52, 2, 40, 13, 22], [23, 61, 54, 1, 33], [37, 13, 30], [38, 5, 33, 13, 43], [36, 31, 35, 1, 21, 32, 36], [31, 17, 27], [27, 61, 36, 1, 31, 14, 35], [31, 3, 14, 1, 17, 12, 18], [31, 29, 30], [31, 4, 41], [31, 16, 12], [43, 80, 24, 12, 26, 42, 24], [42, 8, 19, 14, 31], [26, 36, 33], [19, 16, 30, 1, 30], [31, 7, 28], [32, 7, 34, 10, 18], [18, 4, 8], [22, 8, 21, 8, 36], [32, 12, 42, 4, 44, 1, 14], [29, 17, 7, 3, 30, 13, 44], [37, 57, 23], [38, 5, 25], [16, 15, 16, 5, 33, 5, 12], [29, 2, 30, 15, 34, 44, 41], [47, 5, 28, 31, 28], [31, 10, 26, 11, 33, 8, 14], [31, 47, 28], [23, 5, 46, 21, 21], [32, 13, 28, 48, 10, 49, 21], [42, 23, 29, 8, 44, 84, 30], [21, 19, 42, 3, 11], [42, 17, 28, 11, 41, 39, 19], [41, 45, 44, 3, 16], [22, 76, 41, 31, 24], [44, 6, 33, 13, 33, 16, 19], [37, 1, 26, 84, 46, 15, 18], [32, 21, 29], [29, 4, 36], [35, 35, 36, 71, 22], [30, 23, 25, 12, 35, 24, 38], [16, 22, 22], [23, 9, 39], [25, 60, 30], [30, 1, 20, 12, 18, 18, 21], [30, 73, 30, 24, 22, 75, 30], [35, 20, 20, 2, 47, 9, 35], [44, 15, 39, 29, 37, 3, 12], [29, 9, 30, 16, 43, 20, 20], [28, 67, 47, 26, 29], [29, 55, 15, 63, 35, 1, 31], [38, 19, 27, 1, 4], [30, 58, 33, 4, 26], [32, 21, 26, 1, 33], [38, 3, 31], [31, 15, 42, 20, 25], [26, 8, 41], [44, 41, 48, 10, 21], [17, 29, 39, 2, 24], [51, 24, 34, 25, 30, 8, 22]
]

Generated 83 gangs with a total of 220 jobs.

processes =  [
0, 1, 2, 3, 4, 5, 6, 7, 8, 9, 10, 11, 12, 13, 14, 15, 16, 17, 18, 19, 20, 21, 22, 23, 24, 25, 26, 27, 28, 29, 30, 31, 32, 33, 34, 35, 36, 37, 38, 39, 40, 41, 42, 43, 44, 45, 46, 47, 48, 49, 50, 51, 52, 53, 54, 55, 56, 57, 58, 59, 60, 61, 62, 63, 64, 65, 66, 67, 68, 69, 70, 71, 72, 73, 74, 75, 76, 77, 78, 79, 80, 81, 82, 83, 84, 85, 86, 87, 88, 89, 90, 91, 92, 93, 94, 95, 96, 97, 98, 99, 100, 101, 102, 103, 104, 105, 106, 107, 108, 109, 110, 111, 112, 113, 114, 115, 116, 117, 118, 119, 120, 121, 122, 123, 124, 125, 126, 127, 128, 129, 130, 131, 132, 133, 134, 135, 136, 137, 138, 139, 140, 141, 142, 143, 144, 145, 146, 147, 148, 149, 150, 151, 152, 153, 154, 155, 156, 157, 158, 159, 160, 161, 162, 163, 164, 165, 166, 167, 168, 169, 170, 171, 172, 173, 174, 175, 176, 177, 178, 179, 180, 181, 182, 183, 184, 185, 186, 187, 188, 189, 190, 191, 192, 193, 194, 195, 196, 197, 198, 199, 200, 201, 202, 203, 204, 205, 206]

gangs =  [
[0, 1, 2, 3], [4, 5, 6], [7, 8, 9], [10, 11, 12, 13], [14], [15, 16, 17, 18], [19, 20, 21], [22], [23, 24], [25], [26], [27, 28, 29, 30], [31, 32, 33], [34, 35, 36], [37, 38], [39, 40, 41], [42], [43, 44], [45, 46, 47], [48, 49, 50, 51], [52], [53, 54], [55, 56, 57], [58, 59, 60, 61], [62, 63], [64, 65, 66], [67, 68], [69, 70, 71], [72], [73, 74], [75, 76, 77], [78, 79, 80, 81], [82, 83, 84], [85, 86, 87], [88, 89], [90], [91, 92, 93], [94, 95], [96], [97], [98], [99, 100, 101], [102], [103], [104, 105, 106, 107], [108, 109, 110], [111, 112, 113], [114, 115], [116, 117, 118, 119], [120, 121], [122, 123, 124, 125], [126], [127, 128], [129, 130], [131, 132, 133, 134], [135, 136, 137, 138], [139, 140, 141], [142, 143, 144, 145], [146], [147], [148, 149, 150, 151], [152, 153], [154, 155, 156], [157, 158], [159, 160, 161, 162], [163], [164, 165, 166, 167], [168, 169, 170, 171], [172, 173], [174, 175, 176, 177], [178, 179, 180, 181], [182], [183, 184], [185, 186], [187], [188, 189], [190, 191, 192, 193], [194, 195], [196], [197, 198], [199, 200, 201], [202, 203, 204], [205, 206]
]

burst_times =  [
[28, 11, 44, 8, 19], [28, 15, 23, 6, 12], [34, 17, 31, 12, 32, 1, 24], [24, 1, 33], [41, 4, 38, 11, 27, 29, 14], [40, 2, 37, 3, 40, 9, 4], [21, 1, 28], [27, 24, 39], [30, 169, 45, 18, 27], [43, 28, 36, 7, 31, 8, 32], [32, 39, 35, 4, 37], [16, 1, 19, 18, 37, 3, 28], [32, 26, 26, 2, 18, 6, 46], [20, 10, 14], [18, 49, 16], [31, 39, 36], [39, 4, 3], [25, 7, 16, 51, 27, 25, 34], [41, 16, 31, 35, 18, 38, 51], [32, 24, 24], [22, 28, 22, 13, 35], [26, 12, 25], [29, 27, 31, 16, 30], [28, 1, 30, 14, 31, 3, 30], [20, 13, 41], [31, 15, 34], [1, 23, 47, 8, 20], [18, 9, 52], [25, 20, 35, 16, 46, 28, 44], [17, 6, 28, 6, 26, 42, 36], [24, 1, 47], [24, 15, 24], [11, 12, 34], [31, 19, 45], [21, 4, 21, 20, 27], [15, 12, 37, 5, 19, 26, 32], [9, 5, 24], [23, 1, 22, 13, 21], [35, 9, 25], [29, 15, 23, 16, 20], [22, 4, 47, 12, 36], [47, 8, 22, 1, 22], [24, 1, 44, 21, 25], [34, 19, 29, 12, 17], [32, 34, 42, 28, 41, 12, 11], [23, 24, 29, 8, 49, 5, 39], [17, 44, 41, 19, 30], [27, 32, 31, 33, 35, 25, 15], [37, 20, 34, 13, 21], [33, 4, 22, 8, 24], [46, 29, 25, 17, 35], [29, 35, 26], [20, 7, 29, 1, 39], [32, 47, 1, 23, 40, 2, 23], [41, 1, 25, 123, 41, 42, 31], [30, 4, 32], [29, 5, 12], [19, 13, 21], [25, 47, 17, 113, 32, 24, 29], [45, 8, 20, 18, 5, 1, 25], [28, 3, 34, 1, 46], [37, 1, 30, 37, 39, 2, 31], [16, 37, 27, 18, 21], [40, 10, 31], [29, 5, 25], [38, 15, 29, 20, 35], [47, 3, 33, 20, 19, 26, 17], [42, 11, 27, 5, 21, 4, 16], [37, 14, 30], [15, 13, 38, 21, 28, 9, 39], [23, 12, 15], [22, 61, 45, 27, 33], [13, 17, 25], [19, 34, 32, 61, 17, 29, 26], [17, 3, 11, 17, 15, 2, 29], [48, 5, 32, 14, 41], [17, 2, 35, 1, 41, 12, 13], [35, 7, 23], [25, 4, 28, 17, 33, 6, 43], [33, 2, 31, 4, 43], [24, 3, 40, 40, 26, 23, 29], [21, 14, 30, 2, 30, 42, 41], [33, 2, 14, 1, 31, 22, 38], [14, 8, 61, 1, 46, 14, 29], [21, 7, 27], [32, 6, 26, 22, 35], [30, 2, 48, 5, 43, 12, 43], [39, 27, 9, 1, 28], [36, 108, 19, 3, 22, 34, 16], [41, 79, 27, 16, 19, 3, 47], [42, 4, 34, 2, 45], [28, 20, 15, 4, 21], [40, 40, 25], [28, 26, 37], [45, 2, 54], [11, 8, 29, 1, 27], [20, 45, 37, 10, 24, 16, 34], [27, 36, 38, 3, 19], [20, 41, 27, 59, 16, 23, 49], [25, 4, 30], [38, 4, 30], [27, 21, 22, 7, 30, 9, 36], [41, 67, 34, 2, 16], [41, 3, 41, 35, 36], [21, 22, 18], [26, 27, 15, 16, 32], [32, 4, 31, 1, 30, 3, 30], [31, 27, 34, 56, 36], [23, 21, 18], [22, 1, 28, 19, 20, 2, 29], [10, 5, 25, 21, 33], [37, 8, 15, 38, 37], [21, 12, 34, 2, 27], [17, 33, 32], [32, 9, 37], [27, 90, 31, 4, 37], [13, 9, 20], [47, 1, 28, 23, 14], [17, 46, 26, 5, 32], [56, 14, 31], [20, 2, 22], [22, 4, 27, 19, 24, 12, 20], [16, 1, 17], [41, 6, 29, 22, 20, 3, 30], [45, 2, 40, 7, 24], [23, 6, 39], [20, 6, 29], [34, 15, 48], [31, 11, 37, 117, 48], [8, 16, 28, 3, 25], [21, 31, 46], [22, 1, 23, 24, 30], [30, 13, 35], [37, 26, 41, 50, 41, 22, 28], [34, 9, 32], [30, 34, 16, 13, 32, 67, 35], [35, 41, 21, 28, 30, 28, 26], [42, 9, 25, 5, 53], [24, 26, 24, 10, 17, 14, 38], [29, 41, 37], [36, 5, 19, 10, 33, 8, 38], [20, 21, 34], [8, 2, 29, 1, 32], [22, 11, 11], [26, 11, 14, 1, 41], [35, 41, 36], [4, 9, 15], [24, 1, 34, 15, 33, 11, 54], [39, 2, 22, 14, 17], [39, 31, 26, 6, 14, 74, 22], [33, 26, 32, 9, 43], [45, 5, 30, 37, 32], [25, 4, 23], [35, 69, 40], [21, 1, 38], [27, 8, 35, 1, 43, 1, 30], [22, 8, 41, 1, 31], [34, 2, 16], [26, 12, 19, 19, 39], [13, 4, 28, 27, 25, 30, 28], [15, 3, 46], [21, 46, 28, 14, 32], [39, 77, 23, 8, 41], [30, 15, 24], [48, 1, 41, 1, 42, 33, 4], [53, 38, 18, 51, 29, 9, 25], [31, 12, 17], [26, 1, 40, 16, 36], [28, 1, 36, 23, 40, 1, 41], [33, 37, 34, 53, 25], [42, 7, 26], [25, 24, 42, 26, 38, 49, 51], [23, 30, 26], [42, 1, 41, 1, 49], [44, 5, 33], [26, 14, 28, 7, 36], [30, 18, 18, 2, 14], [20, 7, 41, 80, 26], [26, 1, 53, 41, 39], [18, 51, 21], [28, 4, 27], [60, 1, 26, 2, 16], [41, 3, 33], [40, 8, 11, 4, 32], [42, 19, 25], [45, 6, 32, 7, 28], [35, 1, 1], [17, 32, 16, 57, 24, 40, 24], [24, 21, 39], [39, 8, 21], [30, 1, 17, 11, 33, 6, 32], [15, 11, 30, 9, 33], [30, 2, 32, 13, 24], [33, 6, 31], [24, 5, 28, 1, 36, 1, 33], [36, 41, 39, 2, 23, 100, 11], [18, 13, 39], [38, 10, 25, 3, 17], [26, 26, 27, 9, 38], [53, 6, 18, 14, 24, 34, 37], [34, 5, 34], [33, 26, 34, 26, 22], [37, 28, 29, 6, 27], [16, 48, 28, 82, 18], [26, 110, 32, 2, 37, 15, 20], [35, 44, 15, 3, 32, 13, 46], [23, 3, 32]
]

Generated 93 gangs with a total of 234 jobs.

processes =  [
0, 1, 2, 3, 4, 5, 6, 7, 8, 9, 10, 11, 12, 13, 14, 15, 16, 17, 18, 19, 20, 21, 22, 23, 24, 25, 26, 27, 28, 29, 30, 31, 32, 33, 34, 35, 36, 37, 38, 39, 40, 41, 42, 43, 44, 45, 46, 47, 48, 49, 50, 51, 52, 53, 54, 55, 56, 57, 58, 59, 60, 61, 62, 63, 64, 65, 66, 67, 68, 69, 70, 71, 72, 73, 74, 75, 76, 77, 78, 79, 80, 81, 82, 83, 84, 85, 86, 87, 88, 89, 90, 91, 92, 93, 94, 95, 96, 97, 98, 99, 100, 101, 102, 103, 104, 105, 106, 107, 108, 109, 110, 111, 112, 113, 114, 115, 116, 117, 118, 119, 120, 121, 122, 123, 124, 125, 126, 127, 128, 129, 130, 131, 132, 133, 134, 135, 136, 137, 138, 139, 140, 141, 142, 143, 144, 145, 146, 147, 148, 149, 150, 151, 152, 153, 154, 155, 156, 157, 158, 159, 160, 161, 162, 163, 164, 165, 166, 167, 168, 169, 170, 171, 172, 173, 174, 175, 176, 177, 178, 179, 180, 181, 182, 183, 184, 185, 186, 187, 188, 189, 190, 191, 192, 193, 194, 195, 196, 197, 198, 199, 200, 201, 202, 203, 204, 205, 206, 207, 208, 209, 210, 211, 212, 213, 214, 215, 216, 217, 218, 219, 220, 221, 222, 223, 224, 225, 226, 227, 228, 229, 230, 231, 232, 233, 234, 235, 236
]
gangs =  [
[0, 1, 2, 3], [4], [5, 6, 7, 8], [9, 10, 11], [12, 13, 14, 15], [16, 17, 18, 19], [20, 21, 22, 23], [24, 25], [26, 27, 28], [29, 30], [31, 32, 33], [34], [35, 36, 37, 38], [39, 40], [41, 42], [43, 44, 45, 46], [47, 48], [49, 50, 51, 52], [53], [54, 55, 56, 57], [58, 59, 60, 61], [62, 63], [64, 65, 66], [67, 68, 69], [70, 71, 72, 73], [74, 75], [76, 77, 78], [79, 80, 81], [82, 83, 84, 85], [86], [87, 88, 89, 90], [91, 92], [93, 94], [95], [96], [97, 98, 99], [100, 101, 102, 103], [104, 105, 106], [107], [108], [109, 110, 111], [112, 113, 114, 115], [116, 117], [118, 119], [120, 121], [122, 123, 124, 125], [126, 127, 128, 129], [130, 131, 132], [133], [134, 135, 136], [137, 138, 139, 140], [141, 142, 143], [144, 145], [146, 147, 148], [149, 150, 151], [152, 153, 154], [155, 156, 157], [158, 159, 160, 161], [162, 163], [164, 165, 166], [167], [168], [169], [170, 171], [172, 173], [174, 175], [176], [177, 178, 179, 180], [181], [182], [183, 184, 185], [186, 187, 188], [189, 190, 191], [192, 193, 194], [195, 196], [197, 198, 199, 200], [201], [202, 203], [204, 205], [206, 207, 208], [209, 210, 211, 212], [213, 214], [215, 216], [217], [218, 219, 220], [221], [222, 223, 224], [225], [226, 227], [228, 229], [230], [231, 232], [233, 234, 235, 236]
]
burst_times =  [
[20, 5, 29, 58, 22, 36, 19], [39, 10, 53, 33, 10], [32, 25, 27, 49, 26], [33, 4, 22, 16, 24], [23, 21, 26], [28, 3, 29, 1, 7, 5, 11], [30, 12, 34, 63, 46], [26, 14, 18, 1, 26], [49, 5, 23], [32, 7, 28, 4, 42], [47, 1, 24, 5, 36], [22, 10, 37, 10, 44], [6, 27, 30], [27, 20, 24], [16, 9, 5, 41, 38], [25, 10, 16], [42, 55, 25, 80, 24, 41, 38], [28, 45, 33, 32, 41, 10, 35], [33, 1, 50, 23, 3, 43, 22], [33, 13, 4, 27, 26, 1, 29], [32, 65, 25, 11, 25], [28, 2, 47, 8, 26, 20, 39], [42, 31, 16, 20, 33], [17, 36, 27, 4, 9], [28, 18, 32], [19, 61, 25], [22, 40, 15], [34, 189, 39, 5, 27], [25, 6, 13, 12, 14], [10, 5, 13, 7, 26], [25, 13, 30, 22, 24], [26, 17, 11], [18, 5, 27, 20, 41], [13, 44, 19, 7, 40], [25, 36, 40], [15, 20, 47, 1, 24, 5, 37], [24, 14, 47, 18, 32], [18, 12, 36], [51, 2, 32, 14, 36], [21, 11, 26, 27, 32], [29, 15, 48, 8, 47], [26, 26, 39], [44, 3, 46], [11, 6, 39, 204, 29, 8, 52], [35, 25, 39, 6, 25, 132, 38], [27, 26, 16], [19, 2, 9, 1, 19], [44, 87, 28], [25, 14, 31], [40, 23, 32, 3, 32], [36, 23, 23], [7, 8, 38], [20, 19, 38, 131, 26], [43, 17, 31, 5, 28, 79, 27], [20, 48, 21], [34, 14, 40, 2, 30], [39, 16, 25, 70, 33, 17, 18], [6, 19, 28, 4, 19, 15, 32], [22, 18, 39], [27, 49, 24, 12, 33], [33, 3, 33, 5, 20, 19, 34], [36, 39, 19], [31, 133, 22, 15, 39, 2, 21], [30, 23, 35, 37, 9, 13, 23], [29, 1, 28], [30, 93, 28], [31, 1, 44, 7, 38], [30, 20, 46], [24, 8, 37, 4, 28], [13, 26, 21, 5, 46], [60, 27, 10, 13, 36], [15, 18, 41], [28, 9, 34, 4, 20, 12, 8], [33, 4, 26, 4, 31, 4, 33], [32, 2, 45], [25, 20, 24], [18, 9, 38, 3, 22, 3, 36], [32, 12, 40], [21, 1, 29], [35, 45, 36, 47, 37, 1, 15], [9, 1, 21, 28, 25], [25, 8, 26], [21, 17, 23], [9, 1, 18, 1, 37], [42, 23, 31, 37, 36, 1, 30], [30, 22, 30, 51, 33], [37, 43, 34, 22, 37, 47, 38], [36, 1, 38], [52, 1, 28], [11, 39, 46, 35, 27, 7, 29], [29, 22, 28], [22, 7, 18, 10, 18, 16, 35], [19, 33, 47, 60, 24, 1, 33], [40, 1, 29, 23, 31, 21, 29], [30, 28, 20], [26, 18, 13], [42, 18, 34], [35, 11, 28, 32, 32], [34, 28, 44], [18, 113, 14], [37, 12, 30], [33, 43, 45, 24, 47, 12, 5], [41, 12, 28, 14, 34], [32, 8, 19], [35, 33, 56, 2, 34], [28, 6, 22, 5, 44, 2, 40], [35, 4, 34], [45, 19, 21], [16, 5, 31, 45, 37], [26, 14, 29], [14, 1, 36], [26, 7, 29, 33, 28, 21, 33], [29, 22, 26], [39, 41, 25, 51, 17], [26, 9, 26], [30, 29, 19], [34, 1, 36], [32, 32, 42, 8, 36, 4, 44], [39, 38, 4, 54, 33, 7, 50], [36, 13, 28, 20, 36], [46, 116, 44, 12, 25, 35, 32], [16, 29, 42], [40, 14, 24, 26, 29], [34, 4, 43, 23, 22, 76, 29], [28, 1, 38], [24, 33, 23], [34, 2, 46, 1, 34], [45, 1, 25, 22, 40], [13, 6, 42, 44, 39], [32, 30, 16, 9, 23, 39, 50], [12, 21, 33, 36, 20], [46, 84, 26, 13, 40], [28, 19, 38, 3, 33, 11, 29], [15, 28, 37], [23, 1, 32], [29, 104, 29, 18, 19, 9, 27], [35, 5, 32, 21, 31, 31, 33], [18, 13, 23, 77, 17], [34, 17, 28], [23, 54, 31, 8, 35], [30, 73, 7, 10, 27], [42, 9, 50, 6, 28, 28, 24], [20, 14, 24], [48, 1, 23], [48, 7, 47, 22, 36], [53, 19, 25, 1, 31], [19, 47, 28, 67, 29], [55, 8, 17], [40, 20, 19, 4, 46], [42, 15, 21, 3, 50, 33, 22], [27, 34, 32, 1, 39, 17, 40], [20, 7, 37, 12, 27], [23, 23, 21], [27, 14, 41, 9, 47], [21, 14, 20, 1, 7, 20, 35], [23, 36, 42, 17, 33, 5, 33], [31, 68, 36], [38, 2, 18, 16, 16, 26, 14], [37, 29, 35, 1, 30], [39, 25, 42], [27, 3, 28, 32, 18], [32, 33, 33, 1, 28, 12, 18], [12, 26, 7, 25, 39, 9, 22], [41, 1, 20], [33, 16, 34], [14, 22, 26], [31, 32, 35, 40, 20], [23, 1, 29], [28, 18, 15], [22, 62, 27, 11, 46], [37, 15, 33], [36, 40, 19, 9, 14, 9, 13], [29, 18, 43], [43, 1, 40], [40, 3, 17, 5, 22], [3, 23, 21], [29, 1, 28], [16, 11, 23, 24, 26], [34, 25, 36, 11, 13, 10, 18], [27, 4, 33, 13, 22, 16, 27], [23, 4, 27, 42, 39], [37, 3, 42, 26, 31], [48, 3, 30], [41, 11, 36], [17, 1, 28, 15, 23, 9, 22], [15, 7, 38, 6, 33, 14, 35], [7, 1, 26, 61, 30, 19, 26], [30, 47, 25, 16, 36, 48, 24], [21, 19, 15, 8, 12, 7, 46], [31, 4, 39, 42, 46, 23, 30], [42, 4, 33, 11, 39, 3, 25], [30, 18, 16, 7, 23], [21, 9, 41, 51, 30], [21, 1, 17, 22, 44, 16, 31], [35, 46, 20, 1, 16], [44, 31, 24], [31, 10, 21], [33, 4, 30], [24, 1, 22, 19, 43, 18, 32], [23, 7, 25], [45, 5, 33, 7, 15, 6, 37], [24, 1, 17, 56, 21], [26, 27, 24, 21, 29, 2, 46], [28, 25, 11], [42, 70, 13, 13, 24, 12, 14], [31, 25, 21, 3, 21], [20, 7, 25, 4, 19], [29, 1, 20], [10, 34, 8, 14, 15, 1, 33], [34, 21, 48], [42, 63, 29, 18, 30, 14, 26], [35, 2, 45, 9, 25], [38, 18, 36, 64, 25, 26, 32], [26, 1, 39, 17, 33], [41, 35, 33], [23, 14, 30], [22, 6, 29, 1, 31, 1, 25], [16, 2, 15], [33, 4, 28, 27, 38], [44, 26, 14], [31, 2, 24, 34, 25], [18, 33, 26], [49, 7, 33, 59, 42], [43, 49, 46], [44, 2, 24, 3, 27], [20, 29, 32], [23, 17, 29, 13, 41], [23, 3, 22, 4, 23, 7, 38], [25, 13, 13, 15, 38, 29, 35], [4, 1, 4, 1, 33, 12, 38], [37, 26, 33], [20, 3, 29], [29, 11, 38, 11, 22], [33, 2, 37, 8, 14], [26, 33, 30, 60, 33], [32, 10, 17, 3, 27, 6, 37], [29, 11, 9]
]



