
Metrics:
Core Utilization: [46.2707182320442, 51.93370165745856, 50.41436464088398, 56.62983425414365, 50.41436464088398, 55.24861878453039, 55.52486187845304, 57.87292817679558, 43.92265193370166, 39.77900552486188, 44.751381215469614, 32.32044198895028, 44.889502762430936, 53.31491712707182, 47.3756906077348, 47.09944751381215, 55.52486187845304, 38.67403314917127, 49.033149171270715, 41.988950276243095, 40.055248618784525, 51.79558011049724, 37.29281767955801, 39.08839779005525, 45.85635359116022, 50.0, 51.51933701657458, 46.54696132596685, 43.508287292817684, 38.950276243093924, 51.51933701657458, 51.93370165745856, 52.48618784530387, 21.54696132596685, 36.87845303867403, 31.629834254143645, 17.955801104972377, 27.071823204419886, 23.066298342541437, 19.613259668508288, 19.88950276243094, 29.005524861878452, 20.58011049723757, 19.88950276243094, 7.320441988950275, 2.7624309392265194, 3.7292817679558015, 3.591160220994475, 0.0, 0.0, 0.0, 0.0, 0.0, 0.0, 0.0, 0.0, 0.0, 0.0, 0.0, 0.0, 0.0, 0.0, 0.0, 0.0]
System Throughput: 0.2085635359116022
Response Time: [0, 0, 0, 0, 0, 0, 0, 0, 0, 0, 0, 0, 0, 0, 0, 0, 0, 0, 0, 0, 0, 0, 0, 0, 0, 0, 0, 0, 0, 0, 0, 0, 0, 0, 0, 0, 0, 0, 0, 0, 0, 0, 0, 0, 40, 40, 40, 40, 40, 40, 40, 40, 40, 40, 40, 40, 40, 40, 40, 40, 40, 40, 40, 40, 40, 40, 40, 40, 40, 40, 40, 40, 40, 40, 40, 40, 40, 80, 80, 80, 80, 80, 80, 80, 80, 80, 80, 80, 80, 80, 80, 80, 80, 80, 80, 80, 80, 80, 80, 80, 80, 80, 80, 80, 80, 80, 80, 80, 80, 80, 120, 120, 120, 120, 120, 120, 120, 120, 120, 120, 120, 120, 120, 120, 120, 120, 120, 120, 120, 120, 120, 120, 120, 120, 120, 120, 120, 120, 120, 120, 120, 120, 120, 120, 120, 120, 120, 120, 120, 120, 120]
Gang Response Times: [0, 0, 0, 0, 0, 0, 0, 0, 0, 0, 0, 0, 0, 0, 0, 0, 40, 40, 40, 40, 40, 40, 40, 40, 40, 40, 40, 40, 40, 40, 40, 40, 80, 80, 80, 80, 80, 80, 80, 80, 80, 80, 80, 80, 80, 80, 80, 80, 120, 120, 120, 120, 120, 120, 120, 120, 120, 120, 120, 120, 120, 120, 120]
Gang Turnaround Times: [480, 576, 565, 561, 458, 170, 595, 457, 466, 348, 479, 344, 467, 584, 586, 561, 501, 493, 323, 516, 562, 642, 495, 395, 397, 371, 673, 376, 574, 590, 582, 567, 213, 508, 692, 630, 396, 544, 612, 632, 645, 276, 259, 691, 434, 421, 110, 415, 549, 422, 635, 641, 700, 637, 667, 309, 639, 724, 669, 449, 551, 604, 634]
Gang Waiting Times: [200.0, 360.0, 300.0, 213.33333333333334, 266.6666666666667, 120.0, 320.0, 280.0, 266.6666666666667, 210.0, 220.0, 240.0, 293.3333333333333, 310.0, 320.0, 333.3333333333333, 240.0, 293.3333333333333, 240.0, 360.0, 320.0, 300.0, 360.0, 280.0, 280.0, 280.0, 440.0, 280.0, 380.0, 346.6666666666667, 340.0, 300.0, 160.0, 360.0, 306.6666666666667, 330.0, 280.0, 360.0, 320.0, 346.6666666666667, 360.0, 200.0, 200.0, 440.0, 320.0, 290.0, 80.0, 320.0, 373.3333333333333, 260.0, 413.3333333333333, 360.0, 440.0, 386.6666666666667, 410.0, 240.0, 340.0, 400.0, 440.0, 360.0, 380.0, 340.0, 400.0]

Metrics:
Core Utilization: [46.2707182320442, 51.93370165745856, 50.41436464088398, 56.62983425414365, 50.41436464088398, 55.24861878453039, 55.52486187845304, 57.87292817679558, 43.92265193370166, 39.77900552486188, 44.751381215469614, 32.32044198895028, 44.889502762430936, 53.31491712707182, 47.3756906077348, 47.09944751381215, 55.52486187845304, 38.67403314917127, 49.033149171270715, 41.988950276243095, 40.055248618784525, 51.79558011049724, 37.29281767955801, 39.08839779005525, 45.85635359116022, 50.0, 51.51933701657458, 46.54696132596685, 43.508287292817684, 38.950276243093924, 51.51933701657458, 51.93370165745856, 52.48618784530387, 21.54696132596685, 36.87845303867403, 31.629834254143645, 17.955801104972377, 27.071823204419886, 23.066298342541437, 19.613259668508288, 19.88950276243094, 29.005524861878452, 20.58011049723757, 19.88950276243094, 7.320441988950275, 2.7624309392265194, 3.7292817679558015, 3.591160220994475, 0.0, 0.0, 0.0, 0.0, 0.0, 0.0, 0.0, 0.0, 0.0, 0.0, 0.0, 0.0, 0.0, 0.0, 0.0, 0.0]
System Throughput: 0.2085635359116022
Response Time: [0, 0, 0, 0, 0, 0, 0, 0, 0, 0, 0, 0, 0, 0, 0, 0, 0, 0, 0, 0, 0, 0, 0, 0, 0, 0, 0, 0, 0, 0, 0, 0, 0, 0, 0, 0, 0, 0, 0, 0, 0, 0, 0, 0, 40, 40, 40, 40, 40, 40, 40, 40, 40, 40, 40, 40, 40, 40, 40, 40, 40, 40, 40, 40, 40, 40, 40, 40, 40, 40, 40, 40, 40, 40, 40, 40, 40, 80, 80, 80, 80, 80, 80, 80, 80, 80, 80, 80, 80, 80, 80, 80, 80, 80, 80, 80, 80, 80, 80, 80, 80, 80, 80, 80, 80, 80, 80, 80, 80, 80, 120, 120, 120, 120, 120, 120, 120, 120, 120, 120, 120, 120, 120, 120, 120, 120, 120, 120, 120, 120, 120, 120, 120, 120, 120, 120, 120, 120, 120, 120, 120, 120, 120, 120, 120, 120, 120, 120, 120, 120, 120]
Gang Response Times: [0, 0, 0, 0, 0, 0, 0, 0, 0, 0, 0, 0, 0, 0, 0, 0, 40, 40, 40, 40, 40, 40, 40, 40, 40, 40, 40, 40, 40, 40, 40, 40, 80, 80, 80, 80, 80, 80, 80, 80, 80, 80, 80, 80, 80, 80, 80, 80, 120, 120, 120, 120, 120, 120, 120, 120, 120, 120, 120, 120, 120, 120, 120]
Gang Turnaround Times: [480, 576, 565, 561, 458, 170, 595, 457, 466, 348, 479, 344, 467, 584, 586, 561, 501, 493, 323, 516, 562, 642, 495, 395, 397, 371, 673, 376, 574, 590, 582, 567, 213, 508, 692, 630, 396, 544, 612, 632, 645, 276, 259, 691, 434, 421, 110, 415, 549, 422, 635, 641, 700, 637, 667, 309, 639, 724, 669, 449, 551, 604, 634]
Gang Waiting Times: [200.0, 360.0, 300.0, 213.33333333333334, 266.6666666666667, 120.0, 320.0, 280.0, 266.6666666666667, 210.0, 220.0, 240.0, 293.3333333333333, 310.0, 320.0, 333.3333333333333, 240.0, 293.3333333333333, 240.0, 360.0, 320.0, 300.0, 360.0, 280.0, 280.0, 280.0, 440.0, 280.0, 380.0, 346.6666666666667, 340.0, 300.0, 160.0, 360.0, 306.6666666666667, 330.0, 280.0, 360.0, 320.0, 346.6666666666667, 360.0, 200.0, 200.0, 440.0, 320.0, 290.0, 80.0, 320.0, 373.3333333333333, 260.0, 413.3333333333333, 360.0, 440.0, 386.6666666666667, 410.0, 240.0, 340.0, 400.0, 440.0, 360.0, 380.0, 340.0, 400.0]

Metrics:
Core Utilization: [55.42035398230089, 49.557522123893804, 39.491150442477874, 51.10619469026548, 54.64601769911505, 53.429203539823014, 54.424778761061944, 46.1283185840708, 50.66371681415929, 53.09734513274337, 50.995575221238944, 49.557522123893804, 49.889380530973455, 44.57964601769911, 30.641592920353983, 42.69911504424779, 44.57964601769911, 40.376106194690266, 47.78761061946903, 48.56194690265487, 49.11504424778761, 48.56194690265487, 48.11946902654867, 44.02654867256637, 50.995575221238944, 43.47345132743363, 52.54424778761062, 46.68141592920354, 46.68141592920354, 47.123893805309734, 46.570796460176986, 54.64601769911505, 47.34513274336283, 57.9646017699115, 50.22123893805309, 34.623893805309734, 43.80530973451327, 28.42920353982301, 49.00442477876106, 33.29646017699115, 22.123893805309734, 24.225663716814157, 15.376106194690264, 10.287610619469026, 4.977876106194691, 8.738938053097344, 4.756637168141593, 0.33185840707964603, 0.0, 3.8716814159292032, 0.0, 0.0, 0.0, 0.0, 0.0, 0.0, 0.0, 0.0, 0.0, 0.0, 0.0, 0.0, 0.0, 0.0]
System Throughput: 0.22898230088495575
Response Time: [0, 0, 0, 0, 0, 0, 0, 0, 0, 0, 0, 0, 0, 0, 0, 0, 0, 0, 0, 0, 0, 0, 0, 0, 0, 0, 0, 0, 0, 0, 0, 0, 0, 0, 0, 0, 0, 0, 0, 0, 0, 0, 40, 40, 40, 40, 40, 40, 40, 40, 40, 40, 40, 40, 40, 40, 40, 40, 40, 40, 40, 40, 40, 40, 40, 40, 40, 40, 40, 40, 40, 40, 40, 40, 40, 40, 40, 40, 40, 40, 40, 40, 80, 80, 80, 80, 80, 80, 80, 80, 80, 80, 80, 80, 80, 80, 80, 80, 80, 80, 80, 80, 80, 80, 80, 80, 80, 80, 80, 80, 80, 80, 80, 80, 80, 80, 120, 120, 120, 120, 120, 120, 120, 120, 120, 120, 120, 120, 120, 120, 120, 120, 120, 120, 120, 120, 120, 120, 120, 120, 120, 120, 120, 120, 120, 120, 120, 120, 120, 120, 120, 120, 120, 120, 120, 120, 120, 120, 120, 160, 160, 160, 160, 160, 160, 160, 160, 160, 160, 160, 160, 160, 160, 160, 160, 160, 160, 160, 160, 160, 160, 160, 160, 160, 160, 160, 160, 160, 160, 160, 160, 160, 160, 160, 160, 160, 160, 160, 160, 200, 200, 200, 200, 200, 200, 200, 200]
Gang Response Times: [0, 0, 0, 0, 0, 0, 0, 0, 0, 0, 0, 0, 0, 0, 0, 0, 40, 40, 40, 40, 40, 40, 40, 40, 40, 40, 40, 40, 40, 40, 40, 40, 80, 80, 80, 80, 80, 80, 80, 80, 80, 80, 80, 80, 80, 80, 80, 80, 120, 120, 120, 120, 120, 120, 120, 120, 120, 120, 120, 120, 120, 120, 120, 120, 160, 160, 160, 160, 160, 160, 160, 160, 160, 160, 160, 160, 160, 160, 160, 160, 200, 200, 200]
Gang Turnaround Times: [591, 724, 889, 636, 403, 830, 440, 613, 617, 240, 419, 814, 455, 626, 280, 601, 475, 760, 758, 632, 456, 904, 266, 887, 479, 765, 606, 788, 255, 858, 660, 785, 773, 783, 878, 647, 505, 501, 786, 643, 875, 672, 680, 676, 784, 641, 695, 789, 686, 688, 711, 335, 884, 538, 885, 867, 709, 552, 148, 812, 852, 704, 705, 555, 828, 389, 863, 895, 734, 814, 760, 397, 575, 598, 850, 564, 730, 892, 430, 726, 826, 882, 828]
Gang Waiting Times: [310.0, 400.0, 493.3333333333333, 400.0, 320.0, 410.0, 213.33333333333334, 480.0, 320.0, 160.0, 320.0, 370.0, 226.66666666666666, 280.0, 200.0, 400.0, 360.0, 460.0, 533.3333333333334, 420.0, 360.0, 600.0, 200.0, 510.0, 360.0, 426.6666666666667, 420.0, 466.6666666666667, 200.0, 500.0, 426.6666666666667, 530.0, 453.3333333333333, 506.6666666666667, 640.0, 520.0, 400.0, 320.0, 600.0, 520.0, 640.0, 333.3333333333333, 520.0, 520.0, 440.0, 400.0, 453.3333333333333, 440.0, 430.0, 420.0, 350.0, 280.0, 540.0, 360.0, 410.0, 600.0, 426.6666666666667, 360.0, 120.0, 640.0, 550.0, 420.0, 440.0, 380.0, 520.0, 320.0, 520.0, 560.0, 460.0, 520.0, 470.0, 320.0, 480.0, 320.0, 640.0, 400.0, 470.0, 620.0, 360.0, 540.0, 533.3333333333334, 626.6666666666666, 500.0]

Metrics:
Core Utilization: [43.83177570093458, 45.046728971962615, 47.19626168224299, 48.97196261682243, 47.28971962616823, 52.99065420560748, 51.6822429906542, 44.48598130841121, 45.32710280373832, 45.42056074766355, 48.22429906542056, 35.42056074766355, 52.71028037383177, 42.149532710280376, 53.83177570093458, 43.177570093457945, 37.28971962616822, 48.97196261682243, 37.75700934579439, 44.85981308411215, 42.242990654205606, 42.05607476635514, 41.77570093457944, 51.4018691588785, 44.48598130841121, 30.186915887850468, 42.523364485981304, 45.140186915887845, 41.86915887850468, 57.10280373831775, 30.467289719626166, 54.76635514018692, 39.81308411214953, 49.1588785046729, 40.373831775700936, 47.570093457943926, 39.626168224299064, 33.36448598130841, 25.794392523364486, 32.61682242990654, 31.68224299065421, 18.785046728971963, 18.13084112149533, 20.747663551401867, 19.065420560747665, 9.25233644859813, 4.859813084112149, 1.4018691588785046, 2.4299065420560746, 0.0, 0.0, 0.0, 0.0, 0.0, 0.0, 0.0, 0.0, 0.0, 0.0, 0.0, 0.0, 0.0, 0.0, 0.0]
System Throughput: 0.22149532710280373
Response Time: [0, 0, 0, 0, 0, 0, 0, 0, 0, 0, 0, 0, 0, 0, 0, 0, 0, 0, 0, 0, 0, 0, 0, 0, 0, 0, 0, 0, 0, 0, 0, 0, 0, 0, 0, 0, 0, 0, 0, 0, 0, 0, 0, 0, 0, 0, 0, 40, 40, 40, 40, 40, 40, 40, 40, 40, 40, 40, 40, 40, 40, 40, 40, 40, 40, 40, 40, 40, 40, 40, 40, 40, 40, 40, 40, 40, 40, 40, 40, 40, 40, 40, 40, 40, 40, 40, 40, 40, 40, 40, 40, 40, 40, 80, 80, 80, 80, 80, 80, 80, 80, 80, 80, 80, 80, 80, 80, 80, 80, 80, 80, 80, 80, 80, 80, 80, 80, 80, 80, 80, 80, 80, 80, 80, 80, 80, 80, 80, 80, 80, 80, 80, 80, 120, 120, 120, 120, 120, 120, 120, 120, 120, 120, 120, 120, 120, 120, 120, 120, 120, 120, 120, 120, 120, 120, 120, 120, 120, 120, 120, 120, 120, 120, 120, 120, 120, 120, 120, 120, 120, 120, 120, 160, 160, 160, 160, 160, 160, 160, 160, 160, 160, 160, 160, 160, 160, 160, 160, 160, 160, 160, 160, 160, 160, 160, 160, 160, 160, 160, 160, 160, 160, 160, 160, 160, 160, 160, 160, 160, 200, 200, 200, 200, 200, 200, 200, 200, 200, 200, 200, 200, 200, 200, 200, 200, 200, 200, 200, 200, 200, 200, 200, 200, 200, 200, 200, 200]
Gang Response Times: [0, 0, 0, 0, 0, 0, 0, 0, 0, 0, 0, 0, 0, 0, 0, 0, 40, 40, 40, 40, 40, 40, 40, 40, 40, 40, 40, 40, 40, 40, 40, 40, 80, 80, 80, 80, 80, 80, 80, 80, 80, 80, 80, 80, 80, 80, 80, 80, 120, 120, 120, 120, 120, 120, 120, 120, 120, 120, 120, 120, 120, 120, 120, 120, 160, 160, 160, 160, 160, 160, 160, 160, 160, 160, 160, 160, 160, 160, 160, 160, 200, 200, 200, 200, 200, 200, 200, 200, 200, 200, 200, 200, 200]
Gang Turnaround Times: [829, 230, 825, 643, 469, 1025, 850, 465, 1014, 514, 683, 501, 709, 707, 493, 1069, 719, 954, 950, 938, 707, 983, 711, 511, 706, 319, 689, 936, 880, 978, 874, 937, 854, 297, 534, 745, 929, 760, 525, 734, 857, 893, 918, 985, 1070, 991, 919, 969, 360, 995, 791, 907, 800, 910, 910, 778, 909, 797, 780, 798, 373, 381, 888, 780, 610, 607, 378, 787, 819, 601, 828, 986, 975, 832, 619, 839, 639, 895, 948, 675, 999, 676, 675, 233, 810, 477, 950, 641, 803, 928, 656, 671, 942]
Gang Waiting Times: [510.0, 160.0, 380.0, 413.3333333333333, 240.0, 670.0, 540.0, 280.0, 373.3333333333333, 300.0, 386.6666666666667, 400.0, 470.0, 480.0, 400.0, 460.0, 380.0, 470.0, 720.0, 520.0, 440.0, 700.0, 453.3333333333333, 400.0, 450.0, 240.0, 413.3333333333333, 466.6666666666667, 460.0, 720.0, 400.0, 660.0, 460.0, 240.0, 440.0, 546.6666666666666, 470.0, 493.3333333333333, 440.0, 600.0, 413.3333333333333, 390.0, 500.0, 680.0, 620.0, 480.0, 620.0, 706.6666666666666, 280.0, 586.6666666666666, 550.0, 453.3333333333333, 640.0, 560.0, 640.0, 480.0, 666.6666666666666, 560.0, 480.0, 493.3333333333333, 320.0, 320.0, 720.0, 580.0, 520.0, 420.0, 320.0, 610.0, 680.0, 520.0, 573.3333333333334, 720.0, 653.3333333333334, 626.6666666666666, 440.0, 520.0, 520.0, 540.0, 660.0, 426.6666666666667, 660.0, 560.0, 460.0, 200.0, 600.0, 400.0, 666.6666666666666, 560.0, 620.0, 660.0, 560.0, 480.0, 600.0]

Metrics:
Core Utilization: [43.83177570093458, 45.046728971962615, 47.19626168224299, 48.97196261682243, 47.28971962616823, 52.99065420560748, 51.6822429906542, 44.48598130841121, 45.32710280373832, 45.42056074766355, 48.22429906542056, 35.42056074766355, 52.71028037383177, 42.149532710280376, 53.83177570093458, 43.177570093457945, 37.28971962616822, 48.97196261682243, 37.75700934579439, 44.85981308411215, 42.242990654205606, 42.05607476635514, 41.77570093457944, 51.4018691588785, 44.48598130841121, 30.186915887850468, 42.523364485981304, 45.140186915887845, 41.86915887850468, 57.10280373831775, 30.467289719626166, 54.76635514018692, 39.81308411214953, 49.1588785046729, 40.373831775700936, 47.570093457943926, 39.626168224299064, 33.36448598130841, 25.794392523364486, 32.61682242990654, 31.68224299065421, 18.785046728971963, 18.13084112149533, 20.747663551401867, 19.065420560747665, 9.25233644859813, 4.859813084112149, 1.4018691588785046, 2.4299065420560746, 0.0, 0.0, 0.0, 0.0, 0.0, 0.0, 0.0, 0.0, 0.0, 0.0, 0.0, 0.0, 0.0, 0.0, 0.0]
System Throughput: 0.22149532710280373
Response Time: [0, 0, 0, 0, 0, 0, 0, 0, 0, 0, 0, 0, 0, 0, 0, 0, 0, 0, 0, 0, 0, 0, 0, 0, 0, 0, 0, 0, 0, 0, 0, 0, 0, 0, 0, 0, 0, 0, 0, 0, 0, 0, 0, 0, 0, 0, 0, 40, 40, 40, 40, 40, 40, 40, 40, 40, 40, 40, 40, 40, 40, 40, 40, 40, 40, 40, 40, 40, 40, 40, 40, 40, 40, 40, 40, 40, 40, 40, 40, 40, 40, 40, 40, 40, 40, 40, 40, 40, 40, 40, 40, 40, 40, 80, 80, 80, 80, 80, 80, 80, 80, 80, 80, 80, 80, 80, 80, 80, 80, 80, 80, 80, 80, 80, 80, 80, 80, 80, 80, 80, 80, 80, 80, 80, 80, 80, 80, 80, 80, 80, 80, 80, 80, 120, 120, 120, 120, 120, 120, 120, 120, 120, 120, 120, 120, 120, 120, 120, 120, 120, 120, 120, 120, 120, 120, 120, 120, 120, 120, 120, 120, 120, 120, 120, 120, 120, 120, 120, 120, 120, 120, 120, 160, 160, 160, 160, 160, 160, 160, 160, 160, 160, 160, 160, 160, 160, 160, 160, 160, 160, 160, 160, 160, 160, 160, 160, 160, 160, 160, 160, 160, 160, 160, 160, 160, 160, 160, 160, 160, 200, 200, 200, 200, 200, 200, 200, 200, 200, 200, 200, 200, 200, 200, 200, 200, 200, 200, 200, 200, 200, 200, 200, 200, 200, 200, 200, 200]
Gang Response Times: [0, 0, 0, 0, 0, 0, 0, 0, 0, 0, 0, 0, 0, 0, 0, 0, 40, 40, 40, 40, 40, 40, 40, 40, 40, 40, 40, 40, 40, 40, 40, 40, 80, 80, 80, 80, 80, 80, 80, 80, 80, 80, 80, 80, 80, 80, 80, 80, 120, 120, 120, 120, 120, 120, 120, 120, 120, 120, 120, 120, 120, 120, 120, 120, 160, 160, 160, 160, 160, 160, 160, 160, 160, 160, 160, 160, 160, 160, 160, 160, 200, 200, 200, 200, 200, 200, 200, 200, 200, 200, 200, 200, 200]
Gang Turnaround Times: [829, 230, 825, 643, 469, 1025, 850, 465, 1014, 514, 683, 501, 709, 707, 493, 1069, 719, 954, 950, 938, 707, 983, 711, 511, 706, 319, 689, 936, 880, 978, 874, 937, 854, 297, 534, 745, 929, 760, 525, 734, 857, 893, 918, 985, 1070, 991, 919, 969, 360, 995, 791, 907, 800, 910, 910, 778, 909, 797, 780, 798, 373, 381, 888, 780, 610, 607, 378, 787, 819, 601, 828, 986, 975, 832, 619, 839, 639, 895, 948, 675, 999, 676, 675, 233, 810, 477, 950, 641, 803, 928, 656, 671, 942]
Gang Waiting Times: [510.0, 160.0, 380.0, 413.3333333333333, 240.0, 670.0, 540.0, 280.0, 373.3333333333333, 300.0, 386.6666666666667, 400.0, 470.0, 480.0, 400.0, 460.0, 380.0, 470.0, 720.0, 520.0, 440.0, 700.0, 453.3333333333333, 400.0, 450.0, 240.0, 413.3333333333333, 466.6666666666667, 460.0, 720.0, 400.0, 660.0, 460.0, 240.0, 440.0, 546.6666666666666, 470.0, 493.3333333333333, 440.0, 600.0, 413.3333333333333, 390.0, 500.0, 680.0, 620.0, 480.0, 620.0, 706.6666666666666, 280.0, 586.6666666666666, 550.0, 453.3333333333333, 640.0, 560.0, 640.0, 480.0, 666.6666666666666, 560.0, 480.0, 493.3333333333333, 320.0, 320.0, 720.0, 580.0, 520.0, 420.0, 320.0, 610.0, 680.0, 520.0, 573.3333333333334, 720.0, 653.3333333333334, 626.6666666666666, 440.0, 520.0, 520.0, 540.0, 660.0, 426.6666666666667, 660.0, 560.0, 460.0, 200.0, 600.0, 400.0, 666.6666666666666, 560.0, 620.0, 660.0, 560.0, 480.0, 600.0]

Metrics:
Core Utilization: [34.81717011128776, 30.36565977742448, 21.38314785373609, 19.554848966613672, 30.047694753577108, 30.842607313195547, 31.875993640699523, 22.01907790143084, 30.92209856915739, 20.588235294117645, 21.78060413354531, 38.871224165341815, 35.691573926868045, 27.42448330683625, 31.717011128775834, 37.44038155802862, 36.80445151033386, 40.93799682034976, 42.130365659777425, 18.839427662957075, 38.950715421303656, 34.57869634340223, 39.348171701112875, 32.591414944356124, 32.1939586645469, 27.980922098569156, 35.294117647058826, 32.034976152623216, 29.570747217806044, 36.96343402225755, 29.570747217806044, 30.36565977742448, 32.909379968203496, 30.683624801271858, 25.03974562798092, 25.43720190779014, 16.931637519872815, 21.065182829888712, 17.965023847376788, 28.696343402225754, 21.54213036565978, 20.588235294117645, 26.15262321144674, 22.098569157392685, 17.56756756756757, 20.190779014308426, 13.593004769475359, 3.1796502384737675, 1.669316375198728, 2.6232114467408585, 0.0, 0.0, 0.0, 0.0, 0.0, 0.0, 0.0, 0.0, 0.0, 0.0, 0.0, 0.0, 0.0, 0.0]
System Throughput: 0.0739268680445151
Response Time: [0, 0, 0, 0, 0, 0, 0, 0, 0, 0, 0, 0, 0, 0, 0, 0, 0, 0, 0, 0, 0, 0, 0, 0, 0, 0, 0, 0, 0, 0, 0, 0, 0, 0, 0, 0, 0, 0, 0, 0, 0, 0, 0, 0, 0, 0, 0, 40, 40, 40, 40, 40, 40, 40, 40, 40, 40, 40, 40, 40, 40, 40, 40, 40, 40, 40, 40, 40, 40, 40, 40, 40, 40, 40, 40, 40, 40, 40, 40, 40, 40, 40, 40, 40, 40, 40, 40, 40, 40, 40, 40, 40, 40]
Gang Response Times: [0, 0, 0, 0, 0, 0, 0, 0, 0, 0, 0, 0, 0, 0, 0, 0, 40, 40, 40, 40, 40, 40, 40, 40, 40, 40, 40, 40, 40, 40, 40, 40]
Gang Turnaround Times: [441, 336, 393, 834, 859, 890, 733, 175, 671, 814, 783, 685, 1162, 610, 1034, 788, 830, 872, 395, 566, 421, 989, 1258, 958, 977, 941, 480, 770, 1114, 442, 654, 747]
Gang Waiting Times: [100.0, 160.0, 160.0, 240.0, 220.0, 300.0, 260.0, 80.0, 266.6666666666667, 300.0, 306.6666666666667, 280.0, 230.0, 180.0, 180.0, 190.0, 260.0, 150.0, 200.0, 170.0, 150.0, 280.0, 200.0, 293.3333333333333, 280.0, 300.0, 200.0, 213.33333333333334, 160.0, 240.0, 210.0, 220.0]

Metrics:
Core Utilization: [34.81717011128776, 30.36565977742448, 21.38314785373609, 19.554848966613672, 30.047694753577108, 30.842607313195547, 31.875993640699523, 22.01907790143084, 30.92209856915739, 20.588235294117645, 21.78060413354531, 38.871224165341815, 35.691573926868045, 27.42448330683625, 31.717011128775834, 37.44038155802862, 36.80445151033386, 40.93799682034976, 42.130365659777425, 18.839427662957075, 38.950715421303656, 34.57869634340223, 39.348171701112875, 32.591414944356124, 32.1939586645469, 27.980922098569156, 35.294117647058826, 32.034976152623216, 29.570747217806044, 36.96343402225755, 29.570747217806044, 30.36565977742448, 32.909379968203496, 30.683624801271858, 25.03974562798092, 25.43720190779014, 16.931637519872815, 21.065182829888712, 17.965023847376788, 28.696343402225754, 21.54213036565978, 20.588235294117645, 26.15262321144674, 22.098569157392685, 17.56756756756757, 20.190779014308426, 13.593004769475359, 3.1796502384737675, 1.669316375198728, 2.6232114467408585, 0.0, 0.0, 0.0, 0.0, 0.0, 0.0, 0.0, 0.0, 0.0, 0.0, 0.0, 0.0, 0.0, 0.0]
System Throughput: 0.0739268680445151
Response Time: [0, 0, 0, 0, 0, 0, 0, 0, 0, 0, 0, 0, 0, 0, 0, 0, 0, 0, 0, 0, 0, 0, 0, 0, 0, 0, 0, 0, 0, 0, 0, 0, 0, 0, 0, 0, 0, 0, 0, 0, 0, 0, 0, 0, 0, 0, 0, 40, 40, 40, 40, 40, 40, 40, 40, 40, 40, 40, 40, 40, 40, 40, 40, 40, 40, 40, 40, 40, 40, 40, 40, 40, 40, 40, 40, 40, 40, 40, 40, 40, 40, 40, 40, 40, 40, 40, 40, 40, 40, 40, 40, 40, 40]
Gang Response Times: [0, 0, 0, 0, 0, 0, 0, 0, 0, 0, 0, 0, 0, 0, 0, 0, 40, 40, 40, 40, 40, 40, 40, 40, 40, 40, 40, 40, 40, 40, 40, 40]
Gang Turnaround Times: [441, 336, 393, 834, 859, 890, 733, 175, 671, 814, 783, 685, 1162, 610, 1034, 788, 830, 872, 395, 566, 421, 989, 1258, 958, 977, 941, 480, 770, 1114, 442, 654, 747]
Gang Waiting Times: [100.0, 160.0, 160.0, 240.0, 220.0, 300.0, 260.0, 80.0, 266.6666666666667, 300.0, 306.6666666666667, 280.0, 230.0, 180.0, 180.0, 190.0, 260.0, 150.0, 200.0, 170.0, 150.0, 280.0, 200.0, 293.3333333333333, 280.0, 300.0, 200.0, 213.33333333333334, 160.0, 240.0, 210.0, 220.0]

Metrics:
Core Utilization: [33.887468030690535, 45.39641943734015, 49.87212276214834, 46.67519181585678, 44.62915601023018, 42.45524296675192, 44.24552429667519, 57.416879795396426, 41.687979539641944, 33.37595907928389, 36.828644501278774, 37.97953964194373, 37.468030690537084, 42.8388746803069, 58.43989769820972, 49.74424552429667, 40.92071611253197, 53.196930946291566, 34.015345268542205, 42.58312020460358, 47.18670076726343, 57.289002557544755, 36.57289002557545, 45.65217391304348, 38.23529411764706, 50.38363171355499, 39.514066496163686, 44.37340153452685, 32.73657289002558, 41.04859335038363, 36.57289002557545, 36.70076726342711, 35.933503836317136, 43.47826086956522, 39.769820971867006, 41.17647058823529, 27.74936061381074, 34.52685421994885, 35.54987212276215, 36.31713554987212, 28.26086956521739, 23.017902813299234, 24.296675191815854, 14.194373401534527, 10.869565217391305, 14.578005115089516, 4.731457800511509, 0.3836317135549872, 1.5345268542199488, 0.0, 0.0, 0.0, 0.0, 0.0, 0.0, 0.0, 0.0, 0.0, 0.0, 0.0, 0.0, 0.0, 0.0, 0.0]
System Throughput: 0.20076726342711
Response Time: [0, 0, 0, 0, 0, 0, 0, 0, 0, 0, 0, 0, 0, 0, 0, 0, 0, 0, 0, 0, 0, 0, 0, 0, 0, 0, 0, 0, 0, 0, 0, 0, 0, 0, 0, 0, 0, 0, 0, 0, 0, 0, 0, 0, 0, 40, 40, 40, 40, 40, 40, 40, 40, 40, 40, 40, 40, 40, 40, 40, 40, 40, 40, 40, 40, 40, 40, 40, 40, 40, 40, 40, 40, 40, 40, 40, 40, 40, 40, 40, 40, 40, 80, 80, 80, 80, 80, 80, 80, 80, 80, 80, 80, 80, 80, 80, 80, 80, 80, 80, 80, 80, 80, 80, 80, 80, 80, 80, 80, 80, 80, 80, 80, 80, 80, 80, 80, 80, 80, 80, 80, 80, 80, 80, 80, 120, 120, 120, 120, 120, 120, 120, 120, 120, 120, 120, 120, 120, 120, 120, 120, 120, 120, 120, 120, 120, 120, 120, 120, 120, 120, 120, 120, 120, 120, 120, 120]
Gang Response Times: [0, 0, 0, 0, 0, 0, 0, 0, 0, 0, 0, 0, 0, 0, 0, 0, 40, 40, 40, 40, 40, 40, 40, 40, 40, 40, 40, 40, 40, 40, 40, 40, 80, 80, 80, 80, 80, 80, 80, 80, 80, 80, 80, 80, 80, 80, 80, 80, 120, 120, 120, 120, 120, 120, 120, 120, 120, 120, 120, 120, 120, 120, 120]
Gang Turnaround Times: [568, 473, 567, 596, 194, 571, 357, 443, 468, 691, 562, 581, 563, 650, 671, 576, 599, 734, 507, 235, 643, 635, 708, 655, 214, 662, 624, 229, 609, 384, 491, 636, 398, 363, 624, 607, 613, 273, 608, 524, 521, 437, 555, 533, 621, 652, 603, 621, 435, 646, 437, 292, 646, 671, 521, 782, 470, 477, 643, 283, 320, 698, 663]
Gang Waiting Times: [250.0, 320.0, 253.33333333333334, 400.0, 120.0, 346.6666666666667, 180.0, 320.0, 170.0, 350.0, 320.0, 346.6666666666667, 270.0, 290.0, 360.0, 250.0, 400.0, 400.0, 360.0, 160.0, 300.0, 300.0, 360.0, 413.3333333333333, 160.0, 290.0, 260.0, 160.0, 360.0, 280.0, 320.0, 360.0, 250.0, 240.0, 320.0, 420.0, 420.0, 200.0, 440.0, 266.6666666666667, 280.0, 320.0, 360.0, 360.0, 420.0, 386.6666666666667, 360.0, 350.0, 320.0, 400.0, 320.0, 240.0, 440.0, 360.0, 400.0, 420.0, 300.0, 300.0, 460.0, 240.0, 240.0, 480.0, 410.0]

Metrics:
Core Utilization: [49.89858012170386, 63.995943204868155, 39.6551724137931, 38.74239350912779, 46.0446247464503, 53.24543610547667, 46.14604462474645, 51.21703853955375, 43.71196754563895, 47.97160243407708, 50.91277890466531, 43.6105476673428, 35.496957403651116, 48.478701825557806, 49.59432048681541, 49.290060851926974, 47.46450304259635, 43.6105476673428, 43.30628803245436, 47.97160243407708, 45.334685598377284, 56.99797160243407, 46.34888438133874, 42.292089249492896, 50.20283975659229, 52.83975659229208, 51.52129817444219, 39.6551724137931, 44.32048681541582, 43.71196754563895, 41.37931034482759, 48.073022312373226, 52.73833671399595, 45.030425963488845, 45.334685598377284, 49.290060851926974, 46.0446247464503, 32.657200811359026, 39.95943204868154, 35.80121703853955, 16.328600405679513, 21.196754563894523, 13.894523326572008, 8.519269776876268, 1.3184584178498986, 2.129817444219067, 2.636916835699797, 0.0, 0.0, 0.0, 0.0, 0.0, 0.0, 0.0, 0.0, 0.0, 0.0, 0.0, 0.0, 0.0, 0.0, 0.0, 0.0, 0.0]
System Throughput: 0.21399594320486814
Response Time: [0, 0, 0, 0, 0, 0, 0, 0, 0, 0, 0, 0, 0, 0, 0, 0, 0, 0, 0, 0, 0, 0, 0, 0, 0, 0, 0, 0, 0, 0, 0, 0, 0, 0, 0, 0, 0, 0, 0, 0, 40, 40, 40, 40, 40, 40, 40, 40, 40, 40, 40, 40, 40, 40, 40, 40, 40, 40, 40, 40, 40, 40, 40, 40, 40, 40, 40, 40, 40, 40, 40, 40, 40, 40, 40, 40, 40, 80, 80, 80, 80, 80, 80, 80, 80, 80, 80, 80, 80, 80, 80, 80, 80, 80, 80, 80, 80, 80, 80, 80, 80, 80, 80, 80, 80, 80, 80, 80, 80, 80, 80, 80, 80, 80, 80, 80, 80, 80, 80, 80, 120, 120, 120, 120, 120, 120, 120, 120, 120, 120, 120, 120, 120, 120, 120, 120, 120, 120, 120, 120, 120, 120, 120, 120, 120, 120, 120, 120, 120, 120, 120, 120, 120, 120, 120, 120, 120, 120, 120, 120, 160, 160, 160, 160, 160, 160, 160, 160, 160, 160, 160, 160, 160, 160, 160, 160, 160, 160, 160, 160, 160, 160, 160, 160, 160, 160, 160, 160, 160, 160, 160, 160, 160, 160, 160, 160, 160, 160, 160, 160, 160, 160, 160, 200, 200, 200, 200, 200, 200, 200, 200]
Gang Response Times: [0, 0, 0, 0, 0, 0, 0, 0, 0, 0, 0, 0, 0, 0, 0, 0, 40, 40, 40, 40, 40, 40, 40, 40, 40, 40, 40, 40, 40, 40, 40, 40, 80, 80, 80, 80, 80, 80, 80, 80, 80, 80, 80, 80, 80, 80, 80, 80, 120, 120, 120, 120, 120, 120, 120, 120, 120, 120, 120, 120, 120, 120, 120, 120, 160, 160, 160, 160, 160, 160, 160, 160, 160, 160, 160, 160, 160, 160, 160, 160, 200, 200, 200]
Gang Turnaround Times: [773, 792, 428, 892, 419, 617, 767, 626, 426, 414, 797, 443, 468, 897, 818, 905, 649, 823, 462, 647, 816, 890, 447, 805, 823, 830, 883, 895, 830, 910, 652, 668, 951, 932, 506, 810, 492, 941, 503, 683, 945, 860, 719, 963, 857, 841, 872, 716, 873, 861, 928, 754, 544, 850, 743, 867, 948, 757, 731, 337, 598, 931, 847, 568, 862, 857, 899, 735, 986, 577, 752, 897, 883, 594, 899, 793, 901, 885, 762, 764, 915, 785, 941]
Gang Waiting Times: [390.0, 570.0, 240.0, 680.0, 266.6666666666667, 400.0, 600.0, 320.0, 240.0, 320.0, 480.0, 226.66666666666666, 360.0, 413.3333333333333, 580.0, 400.0, 440.0, 546.6666666666666, 360.0, 520.0, 460.0, 680.0, 360.0, 550.0, 640.0, 580.0, 470.0, 660.0, 480.0, 420.0, 520.0, 380.0, 400.0, 586.6666666666666, 320.0, 500.0, 400.0, 720.0, 400.0, 480.0, 700.0, 440.0, 560.0, 630.0, 590.0, 560.0, 530.0, 430.0, 440.0, 560.0, 720.0, 440.0, 440.0, 560.0, 440.0, 520.0, 720.0, 600.0, 540.0, 280.0, 330.0, 506.6666666666667, 586.6666666666666, 400.0, 546.6666666666666, 613.3333333333334, 506.6666666666667, 600.0, 600.0, 400.0, 600.0, 530.0, 720.0, 480.0, 506.6666666666667, 493.3333333333333, 520.0, 620.0, 453.3333333333333, 506.6666666666667, 620.0, 600.0, 720.0]

Metrics:
Core Utilization: [43.83177570093458, 45.046728971962615, 47.19626168224299, 48.97196261682243, 47.28971962616823, 52.99065420560748, 51.6822429906542, 44.48598130841121, 45.32710280373832, 45.42056074766355, 48.22429906542056, 35.42056074766355, 52.71028037383177, 42.149532710280376, 53.83177570093458, 43.177570093457945, 37.28971962616822, 48.97196261682243, 37.75700934579439, 44.85981308411215, 42.242990654205606, 42.05607476635514, 41.77570093457944, 51.4018691588785, 44.48598130841121, 30.186915887850468, 42.523364485981304, 45.140186915887845, 41.86915887850468, 57.10280373831775, 30.467289719626166, 54.76635514018692, 39.81308411214953, 49.1588785046729, 40.373831775700936, 47.570093457943926, 39.626168224299064, 33.36448598130841, 25.794392523364486, 32.61682242990654, 31.68224299065421, 18.785046728971963, 18.13084112149533, 20.747663551401867, 19.065420560747665, 9.25233644859813, 4.859813084112149, 1.4018691588785046, 2.4299065420560746, 0.0, 0.0, 0.0, 0.0, 0.0, 0.0, 0.0, 0.0, 0.0, 0.0, 0.0, 0.0, 0.0, 0.0, 0.0]
System Throughput: 0.22149532710280373
Response Time: [0, 0, 0, 0, 0, 0, 0, 0, 0, 0, 0, 0, 0, 0, 0, 0, 0, 0, 0, 0, 0, 0, 0, 0, 0, 0, 0, 0, 0, 0, 0, 0, 0, 0, 0, 0, 0, 0, 0, 0, 0, 0, 0, 0, 0, 0, 0, 40, 40, 40, 40, 40, 40, 40, 40, 40, 40, 40, 40, 40, 40, 40, 40, 40, 40, 40, 40, 40, 40, 40, 40, 40, 40, 40, 40, 40, 40, 40, 40, 40, 40, 40, 40, 40, 40, 40, 40, 40, 40, 40, 40, 40, 40, 80, 80, 80, 80, 80, 80, 80, 80, 80, 80, 80, 80, 80, 80, 80, 80, 80, 80, 80, 80, 80, 80, 80, 80, 80, 80, 80, 80, 80, 80, 80, 80, 80, 80, 80, 80, 80, 80, 80, 80, 120, 120, 120, 120, 120, 120, 120, 120, 120, 120, 120, 120, 120, 120, 120, 120, 120, 120, 120, 120, 120, 120, 120, 120, 120, 120, 120, 120, 120, 120, 120, 120, 120, 120, 120, 120, 120, 120, 120, 160, 160, 160, 160, 160, 160, 160, 160, 160, 160, 160, 160, 160, 160, 160, 160, 160, 160, 160, 160, 160, 160, 160, 160, 160, 160, 160, 160, 160, 160, 160, 160, 160, 160, 160, 160, 160, 200, 200, 200, 200, 200, 200, 200, 200, 200, 200, 200, 200, 200, 200, 200, 200, 200, 200, 200, 200, 200, 200, 200, 200, 200, 200, 200, 200]
Gang Response Times: [0, 0, 0, 0, 0, 0, 0, 0, 0, 0, 0, 0, 0, 0, 0, 0, 40, 40, 40, 40, 40, 40, 40, 40, 40, 40, 40, 40, 40, 40, 40, 40, 80, 80, 80, 80, 80, 80, 80, 80, 80, 80, 80, 80, 80, 80, 80, 80, 120, 120, 120, 120, 120, 120, 120, 120, 120, 120, 120, 120, 120, 120, 120, 120, 160, 160, 160, 160, 160, 160, 160, 160, 160, 160, 160, 160, 160, 160, 160, 160, 200, 200, 200, 200, 200, 200, 200, 200, 200, 200, 200, 200, 200]
Gang Turnaround Times: [829, 230, 825, 643, 469, 1025, 850, 465, 1014, 514, 683, 501, 709, 707, 493, 1069, 719, 954, 950, 938, 707, 983, 711, 511, 706, 319, 689, 936, 880, 978, 874, 937, 854, 297, 534, 745, 929, 760, 525, 734, 857, 893, 918, 985, 1070, 991, 919, 969, 360, 995, 791, 907, 800, 910, 910, 778, 909, 797, 780, 798, 373, 381, 888, 780, 610, 607, 378, 787, 819, 601, 828, 986, 975, 832, 619, 839, 639, 895, 948, 675, 999, 676, 675, 233, 810, 477, 950, 641, 803, 928, 656, 671, 942]
Gang Waiting Times: [510.0, 160.0, 380.0, 413.3333333333333, 240.0, 670.0, 540.0, 280.0, 373.3333333333333, 300.0, 386.6666666666667, 400.0, 470.0, 480.0, 400.0, 460.0, 380.0, 470.0, 720.0, 520.0, 440.0, 700.0, 453.3333333333333, 400.0, 450.0, 240.0, 413.3333333333333, 466.6666666666667, 460.0, 720.0, 400.0, 660.0, 460.0, 240.0, 440.0, 546.6666666666666, 470.0, 493.3333333333333, 440.0, 600.0, 413.3333333333333, 390.0, 500.0, 680.0, 620.0, 480.0, 620.0, 706.6666666666666, 280.0, 586.6666666666666, 550.0, 453.3333333333333, 640.0, 560.0, 640.0, 480.0, 666.6666666666666, 560.0, 480.0, 493.3333333333333, 320.0, 320.0, 720.0, 580.0, 520.0, 420.0, 320.0, 610.0, 680.0, 520.0, 573.3333333333334, 720.0, 653.3333333333334, 626.6666666666666, 440.0, 520.0, 520.0, 540.0, 660.0, 426.6666666666667, 660.0, 560.0, 460.0, 200.0, 600.0, 400.0, 666.6666666666666, 560.0, 620.0, 660.0, 560.0, 480.0, 600.0]
